0 0
1 0
2 0
3 1
4 2
5 1
6 2
7 1
8 -1
9 1
10 3
11 1
12 1
13 2
14 3
15 3
16 4
17 5
18 7
19 6
20 6
21 8
22 10
23 9
24 8
25 6
26 4
27 6
28 4
29 3
30 3
31 1
32 3
33 3
34 2
35 3
36 3
37 5
38 5
39 5
40 6
41 5
42 5
43 7
44 8
45 6
46 4
47 3
48 3
49 2
50 2
51 1
52 -1
53 1
54 2
55 1
56 0
57 2
58 4
59 4
60 5
61 5
62 4
63 3
64 3
65 2
66 2
67 1
68 2
69 0
70 1
71 2
72 4
73 5
74 4
75 4
76 6
77 5
78 4
79 6
80 8
81 9
82 9
83 10
84 10
85 11
86 11
87 11
88 11
89 9
90 7
91 5
92 5
93 4
94 4
95 2
96 3
97 4
98 3
99 2
100 4
101 3
102 4
103 2
104 2
105 3
106 1
107 -1
108 -1
109 -1
110 -1
111 -3
112 -5
113 -7
114 -6
115 -4
116 -6
117 -6
118 -4
119 -4
120 -3
121 -1
122 -2
123 -1
124 -1
125 -2
126 -3
127 -2
128 -4
129 -5
130 -3
131 -1
132 -3
133 -2
134 -1
135 -1
136 -3
137 -3
138 -3
139 -2
140 -1
141 1
142 -1
143 -3
144 -4
145 -6
146 -6
147 -4
148 -6
149 -6
150 -6
151 -6
152 -5
153 -3
154 -2
155 -3
156 -1
157 -2
158 -1
159 1
160 -1
161 -1
162 -3
163 -3
164 -3
165 -2
166 -4
167 -2
168 0
169 1
170 2
171 4
172 3
173 1
174 -1
175 -3
176 -3
177 -4
178 -4
179 -3
180 -2
181 -3
182 -2
183 0
184 1
185 -1
186 0
187 1
188 0
189 1
190 2
191 3
192 2
193 0
194 1
195 3
196 1
197 -1
198 1
199 0
200 -1
201 -3
202 -3
203 -2
204 -1
205 -2
206 -4
207 -2
208 -2
209 -2
210 -4
211 -5
212 -4
213 -6
214 -7
215 -9
216 -8
217 -6
218 -5
219 -5
220 -6
221 -5
222 -7
223 -9
224 -11
225 -11
226 -13
227 -13
228 -11
229 -10
230 -9
231 -8
232 -10
233 -9
234 -10
235 -12
236 -11
237 -11
238 -9
239 -10
240 -9
241 -10
242 -12
243 -12
244 -12
245 -12
246 -14
247 -15
248 -13
249 -11
250 -12
251 -11
252 -9
253 -10
254 -11
255 -12
256 -11
257 -12
258 -11
259 -11
260 -9
261 -10
262 -10
263 -8
264 -6
265 -5
266 -7
267 -6
268 -7
269 -5
270 -5
271 -3
272 -4
273 -2
274 -1
275 1
276 -1
277 -1
278 1
279 0
280 1
281 -1
282 0
283 2
284 2
285 2
286 4
287 5
288 3
289 5
290 5
291 4
292 2
293 4
294 6
295 7
296 5
297 3
298 4
299 3
300 5
301 6
302 4
303 6
304 8
305 6
306 8
307 8
308 9
309 7
310 5
311 3
312 2
313 3
314 5
315 6
316 8
317 8
318 9
319 8
320 8
321 8
322 8
323 8
324 9
325 11
326 11
327 10
328 10
329 10
330 10
331 12
332 10
333 12
334 11
335 11
336 13
337 11
338 13
339 15
340 14
341 14
342 15
343 15
344 16
345 15
346 13
347 13
348 13
349 13
350 11
351 10
352 10
353 12
354 10
355 9
356 9
357 9
358 10
359 9
360 8
361 8
362 8
363 9
364 9
365 10
366 9
367 11
368 9
369 9
370 9
371 11
372 10
373 9
374 8
375 9
376 10
377 8
378 8
379 10
380 12
381 10
382 11
383 10
384 11
385 13
386 13
387 14
388 13
389 15
390 15
391 15
392 13
393 14
394 13
395 12
396 14
397 14
398 12
399 11
400 13
401 12
402 10
403 12
404 12
405 14
406 14
407 15
408 14
409 12
410 12
411 11
412 10
413 10
414 8
415 9
416 8
417 6
418 8
419 6
420 6
421 7
422 8
423 9
424 9
425 7
426 8
427 6
428 8
429 8
430 9
431 10
432 8
433 6
434 6
435 5
436 5
437 3
438 4
439 4
440 4
441 3
442 2
443 2
444 1
445 0
446 2
447 2
448 1
449 0
450 -1
451 -3
452 -2
453 -3
454 -5
455 -5
456 -6
457 -5
458 -6
459 -4
460 -5
461 -5
462 -3
463 -2
464 0
465 2
466 3
467 1
468 1
469 2
470 3
471 5
472 7
473 9
474 11
475 11
476 11
477 9
478 11
479 9
480 8
481 7
482 7
483 8
484 10
485 10
486 9
487 11
488 13
489 15
490 15
491 13
492 12
493 12
494 13
495 13
496 15
497 15
498 17
499 19
500 19
501 17
502 16
503 14
504 12
505 10
506 12
507 12
508 14
509 13
510 14
511 12
512 13
513 14
514 14
515 15
516 16
517 14
518 13
519 14
520 16
521 15
522 13
523 12
524 13
525 14
526 15
527 15
528 13
529 13
530 11
531 11
532 11
533 9
534 9
535 8
536 6
537 6
538 5
539 4
540 3
541 4
542 5
543 5
544 7
545 5
546 4
547 2
548 4
549 4
550 2
551 3
552 1
553 2
554 3
555 4
556 2
557 4
558 3
559 5
560 3
561 3
562 1
563 -1
564 -2
565 -2
566 -4
567 -6
568 -6
569 -6
570 -5
571 -7
572 -6
573 -6
574 -5
575 -5
576 -6
577 -7
578 -5
579 -6
580 -7
581 -9
582 -7
583 -5
584 -3
585 -1
586 0
587 1
588 -1
589 0
590 2
591 4
592 5
593 5
594 5
595 3
596 3
597 1
598 2
599 3
600 3
601 2
602 3
603 2
604 1
605 0
606 0
607 0
608 -1
609 -1
610 -3
611 -4
612 -3
613 -1
614 -2
615 0
616 1
617 0
618 1
619 1
620 1
621 -1
622 -2
623 0
624 -2
625 -2
626 -1
627 -2
628 -2
629 -1
630 0
631 1
632 1
633 2
634 3
635 1
636 1
637 0
638 -1
639 1
640 0
641 -2
642 -3
643 -3
644 -1
645 -1
646 -2
647 -2
648 0
649 2
650 1
651 3
652 5
653 3
654 4
655 3
656 1
657 0
658 -2
659 0
660 1
661 2
662 1
663 0
664 -2
665 0
666 -2
667 -4
668 -4
669 -3
670 -4
671 -2
672 -3
673 -2
674 -2
675 -3
676 -1
677 0
678 1
679 1
680 1
681 2
682 4
683 3
684 2
685 2
686 2
687 2
688 3
689 5
690 4
691 5
692 5
693 4
694 5
695 5
696 7
697 5
698 6
699 7
700 8
701 9
702 10
703 9
704 11
705 12
706 11
707 10
708 9
709 8
710 10
711 12
712 13
713 11
714 11
715 12
716 12
717 13
718 15
719 14
720 14
721 16
722 17
723 18
724 17
725 19
726 20
727 19
728 19
729 21
730 20
731 22
732 21
733 22
734 24
735 26
736 25
737 26
738 27
739 25
740 27
741 25
742 26
743 28
744 29
745 29
746 30
747 30
748 30
749 29
750 31
751 32
752 31
753 33
754 31
755 29
756 30
757 31
758 30
759 29
760 29
761 29
762 29
763 28
764 26
765 25
766 27
767 29
768 27
769 26
770 26
771 27
772 27
773 27
774 29
775 28
776 29
777 27
778 27
779 27
780 29
781 29
782 30
783 30
784 28
785 29
786 29
787 27
788 27
789 26
790 28
791 29
792 29
793 31
794 30
795 32
796 32
797 33
798 32
799 34
800 36
801 35
802 34
803 36
804 36
805 36
806 35
807 35
808 36
809 35
810 35
811 34
812 35
813 37
814 35
815 36
816 36
817 36
818 36
819 38
820 38
821 37
822 35
823 34
824 34
825 35
826 37
827 35
828 33
829 32
830 32
831 34
832 34
833 35
834 36
835 37
836 36
837 35
838 34
839 33
840 33
841 35
842 33
843 34
844 32
845 33
846 32
847 32
848 30
849 29
850 28
851 26
852 25
853 24
854 26
855 25
856 24
857 23
858 25
859 24
860 26
861 25
862 25
863 26
864 25
865 24
866 25
867 24
868 23
869 21
870 19
871 21
872 20
873 19
874 20
875 21
876 21
877 22
878 22
879 20
880 19
881 20
882 20
883 22
884 23
885 23
886 25
887 27
888 28
889 30
890 31
891 31
892 30
893 32
894 33
895 33
896 34
897 33
898 31
899 32
900 32
901 30
902 28
903 28
904 28
905 26
906 25
907 26
908 26
909 24
910 24
911 24
912 25
913 24
914 24
915 22
916 20
917 22
918 23
919 21
920 21
921 19
922 21
923 23
924 25
925 24
926 23
927 21
928 21
929 19
930 19
931 21
932 20
933 20
934 22
935 23
936 25
937 26
938 28
939 26
940 28
941 30
942 32
943 31
944 33
945 32
946 33
947 35
948 37
949 36
950 37
951 39
952 41
953 43
954 43
955 45
956 43
957 41
958 39
959 38
960 38
961 37
962 36
963 37
964 37
965 35
966 34
967 33
968 33
969 33
970 32
971 32
972 31
973 30
974 32
975 33
976 31
977 33
978 34
979 32
980 34
981 32
982 34
983 35
984 34
985 36
986 35
987 34
988 36
989 35
990 33
991 33
992 32
993 32
994 34
995 35
996 35
997 36
998 35
999 33
1000 35
1001 34
1002 33
1003 31
1004 31
1005 32
1006 30
1007 29
1008 27
1009 25
1010 26
1011 24
1012 25
1013 23
1014 24
1015 26
1016 25
1017 23
1018 22
1019 22
1020 24
1021 23
1022 25
1023 25
1024 27
1025 27
1026 28
1027 28
1028 28
1029 29
1030 31
1031 32
1032 33
1033 35
1034 35
1035 35
1036 33
1037 35
1038 34
1039 33
1040 32
1041 33
1042 33
1043 32
1044 34
1045 34
1046 33
1047 31
1048 29
1049 29
1050 27
1051 28
1052 28
1053 30
1054 29
1055 27
1056 25
1057 24
1058 23
1059 23
1060 23
1061 25
1062 26
1063 24
1064 23
1065 23
1066 25
1067 23
1068 23
1069 22
1070 24
1071 22
1072 20
1073 22
1074 24
1075 22
1076 23
1077 22
1078 24
1079 22
1080 20
1081 19
1082 21
1083 19
1084 19
1085 21
1086 19
1087 18
1088 20
1089 22
1090 21
1091 22
1092 20
1093 20
1094 19
1095 21
1096 21
1097 23
1098 22
1099 24
1100 25
1101 26
1102 27
1103 26
1104 27
1105 25
1106 23
1107 21
1108 22
1109 24
1110 23
1111 22
1112 20
1113 21
1114 20
1115 21
1116 22
1117 23
1118 23
1119 24
1120 26
1121 24
1122 23
1123 25
1124 24
1125 23
1126 23
1127 23
1128 21
1129 19
1130 19
1131 21
1132 19
1133 17
1134 17
1135 18
1136 20
1137 19
1138 18
1139 17
1140 17
1141 19
1142 17
1143 19
1144 21
1145 20
1146 22
1147 22
1148 21
1149 22
1150 22
1151 24
1152 23
1153 25
1154 25
1155 25
1156 23
1157 22
1158 22
1159 20
1160 19
1161 21
1162 22
1163 20
1164 18
1165 20
1166 21
1167 21
1168 22
1169 21
1170 22
1171 24
1172 24
1173 22
1174 20
1175 20
1176 19
1177 17
1178 17
1179 16
1180 15
1181 17
1182 19
1183 19
1184 21
1185 19
1186 20
1187 20
1188 20
1189 20
1190 19
1191 19
1192 17
1193 16
1194 14
1195 14
1196 16
1197 16
1198 15
1199 14
1200 12
1201 10
1202 8
1203 9
1204 9
1205 10
1206 12
1207 10
1208 8
1209 10
1210 9
1211 10
1212 9
1213 11
1214 11
1215 10
1216 10
1217 11
1218 9
1219 9
1220 8
1221 7
1222 8
1223 10
1224 11
1225 12
1226 11
1227 12
1228 12
1229 13
1230 13
1231 14
1232 12
1233 14
1234 14
1235 14
1236 12
1237 14
1238 12
1239 13
1240 15
1241 17
1242 16
1243 15
1244 13
1245 14
1246 15
1247 13
1248 15
1249 16
1250 16
1251 18
1252 19
1253 20
1254 21
1255 21
1256 21
1257 22
1258 22
1259 21
1260 23
1261 21
1262 19
1263 17
1264 15
1265 13
1266 12
1267 11
1268 13
1269 11
1270 10
1271 12
1272 11
1273 10
1274 9
1275 8
1276 10
1277 11
1278 13
1279 15
1280 13
1281 14
1282 12
1283 12
1284 14
1285 15
1286 13
1287 13
1288 14
1289 16
1290 15
1291 17
1292 19
1293 18
1294 20
1295 21
1296 19
1297 17
1298 17
1299 16
1300 18
1301 18
1302 16
1303 16
1304 17
1305 18
1306 16
1307 14
1308 16
1309 16
1310 16
1311 16
1312 16
1313 15
1314 15
1315 13
1316 14
1317 15
1318 13
1319 12
1320 11
1321 9
1322 8
1323 8
1324 6
1325 6
1326 8
1327 10
1328 8
1329 10
1330 10
1331 10
1332 8
1333 6
1334 4
1335 2
1336 0
1337 -2
1338 -3
1339 -1
1340 -2
1341 0
1342 0
1343 2
1344 2
1345 0
1346 1
1347 0
1348 0
1349 0
1350 -2
1351 0
1352 1
1353 0
1354 1
1355 0
1356 1
1357 3
1358 5
1359 5
1360 5
1361 6
1362 4
1363 4
1364 2
1365 4
1366 6
1367 8
1368 10
1369 9
1370 7
1371 8
1372 6
1373 8
1374 7
1375 5
1376 7
1377 5
1378 6
1379 4
1380 4
1381 4
1382 2
1383 4
1384 5
1385 6
1386 4
1387 3
1388 3
1389 5
1390 4
1391 2
1392 1
1393 -1
1394 -2
1395 -3
1396 -4
1397 -3
1398 -5
1399 -7
1400 -8
1401 -10
1402 -8
1403 -7
1404 -5
1405 -4
1406 -2
1407 -1
1408 1
1409 1
1410 1
1411 2
1412 2
1413 3
1414 1
1415 3
1416 3
1417 2
1418 2
1419 1
1420 2
1421 2
1422 3
1423 4
1424 3
1425 2
1426 4
1427 2
1428 3
1429 1
1430 1
1431 1
1432 0
1433 0
1434 -2
1435 -3
1436 -1
1437 -3
1438 -5
1439 -7
1440 -5
1441 -5
1442 -5
1443 -7
1444 -7
1445 -5
1446 -7
1447 -8
1448 -8
1449 -10
1450 -12
1451 -14
1452 -15
1453 -16
1454 -16
1455 -17
1456 -17
1457 -19
1458 -20
1459 -20
1460 -20
1461 -21
1462 -22
1463 -24
1464 -23
1465 -24
1466 -22
1467 -24
1468 -24
1469 -23
1470 -23
1471 -22
1472 -22
1473 -23
1474 -21
1475 -20
1476 -20
1477 -21
1478 -19
1479 -18
1480 -16
1481 -17
1482 -18
1483 -20
1484 -21
1485 -20
1486 -18
1487 -20
1488 -22
1489 -20
1490 -19
1491 -20
1492 -22
1493 -22
1494 -21
1495 -20
1496 -19
1497 -18
1498 -16
1499 -14
1500 -12
1501 -13
1502 -13
1503 -11
1504 -9
1505 -7
1506 -6
1507 -4
1508 -3
1509 -2
1510 -4
1511 -5
1512 -5
1513 -3
1514 -5
1515 -5
1516 -3
1517 -1
1518 -1
1519 -3
1520 -2
1521 -3
1522 -3
1523 -1
1524 0
1525 -2
1526 -3
1527 -3
1528 -5
1529 -7
1530 -6
1531 -4
1532 -4
1533 -5
1534 -4
1535 -5
1536 -6
1537 -8
1538 -7
1539 -7
1540 -8
1541 -8
1542 -8
1543 -8
1544 -8
1545 -10
1546 -12
1547 -14
1548 -15
1549 -17
1550 -16
1551 -17
1552 -19
1553 -20
1554 -21
1555 -20
1556 -18
1557 -16
1558 -16
1559 -18
1560 -17
1561 -18
1562 -17
1563 -17
1564 -18
1565 -17
1566 -15
1567 -15
1568 -14
1569 -16
1570 -18
1571 -19
1572 -21
1573 -23
1574 -22
1575 -21
1576 -21
1577 -20
1578 -18
1579 -17
1580 -19
1581 -18
1582 -20
1583 -19
1584 -17
1585 -16
1586 -18
1587 -20
1588 -22
1589 -21
1590 -23
1591 -21
1592 -22
1593 -24
1594 -25
1595 -26
1596 -26
1597 -25
1598 -25
1599 -23
1600 -22
1601 -24
1602 -26
1603 -28
1604 -29
1605 -27
1606 -29
1607 -27
1608 -26
1609 -25
1610 -25
1611 -25
1612 -26
1613 -27
1614 -26
1615 -27
1616 -26
1617 -27
1618 -29
1619 -28
1620 -28
1621 -30
1622 -29
1623 -30
1624 -29
1625 -31
1626 -30
1627 -30
1628 -32
1629 -30
1630 -31
1631 -31
1632 -32
1633 -30
1634 -30
1635 -28
1636 -26
1637 -24
1638 -24
1639 -22
1640 -21
1641 -20
1642 -22
1643 -23
1644 -22
1645 -23
1646 -22
1647 -24
1648 -22
1649 -23
1650 -22
1651 -20
1652 -21
1653 -23
1654 -21
1655 -19
1656 -20
1657 -18
1658 -18
1659 -16
1660 -16
1661 -14
1662 -12
1663 -10
1664 -12
1665 -10
1666 -10
1667 -11
1668 -13
1669 -11
1670 -13
1671 -14
1672 -13
1673 -12
1674 -11
1675 -10
1676 -12
1677 -10
1678 -8
1679 -10
1680 -11
1681 -13
1682 -14
1683 -16
1684 -14
1685 -14
1686 -14
1687 -13
1688 -12
1689 -11
1690 -10
1691 -10
1692 -9
1693 -11
1694 -9
1695 -10
1696 -9
1697 -8
1698 -10
1699 -9
1700 -8
1701 -8
1702 -6
1703 -6
1704 -8
1705 -9
1706 -7
1707 -9
1708 -11
1709 -10
1710 -9
1711 -7
1712 -7
1713 -8
1714 -6
1715 -5
1716 -5
1717 -3
1718 -2
1719 0
1720 -2
1721 0
1722 0
1723 -1
1724 0
1725 1
1726 2
1727 4
1728 2
1729 4
1730 2
1731 1
1732 3
1733 4
1734 3
1735 3
1736 4
1737 2
1738 0
1739 -2
1740 -3
1741 -4
1742 -2
1743 -1
1744 -3
1745 -2
1746 -1
1747 -2
1748 -4
1749 -5
1750 -5
1751 -3
1752 -5
1753 -4
1754 -2
1755 -4
1756 -5
1757 -4
1758 -5
1759 -4
1760 -3
1761 -2
1762 -3
1763 -4
1764 -2
1765 -4
1766 -3
1767 -3
1768 -2
1769 -1
1770 -1
1771 -1
1772 1
1773 0
1774 1
1775 2
1776 1
1777 1
1778 0
1779 -1
1780 -3
1781 -5
1782 -5
1783 -6
1784 -8
1785 -6
1786 -8
1787 -10
1788 -10
1789 -9
1790 -9
1791 -7
1792 -8
1793 -10
1794 -12
1795 -13
1796 -13
1797 -14
1798 -12
1799 -12
1800 -12
1801 -11
1802 -10
1803 -11
1804 -9
1805 -7
1806 -7
1807 -5
1808 -3
1809 -4
1810 -4
1811 -3
1812 -2
1813 -2
1814 -2
1815 0
1816 -2
1817 -3
1818 -4
1819 -5
1820 -4
1821 -6
1822 -5
1823 -6
1824 -5
1825 -4
1826 -6
1827 -5
1828 -4
1829 -3
1830 -1
1831 -3
1832 -4
1833 -3
1834 -4
1835 -6
1836 -7
1837 -8
1838 -8
1839 -9
1840 -7
1841 -8
1842 -6
1843 -8
1844 -8
1845 -8
1846 -6
1847 -5
1848 -6
1849 -4
1850 -5
1851 -6
1852 -5
1853 -3
1854 -4
1855 -2
1856 -2
1857 -4
1858 -2
1859 -2
1860 -3
1861 -3
1862 -1
1863 -1
1864 -3
1865 -1
1866 -2
1867 -1
1868 -1
1869 -3
1870 -2
1871 0
1872 -2
1873 0
1874 -1
1875 -3
1876 -3
1877 -4
1878 -2
1879 -2
1880 -1
1881 -1
1882 -3
1883 -5
1884 -6
1885 -4
1886 -3
1887 -1
1888 -2
1889 0
1890 2
1891 3
1892 1
1893 0
1894 2
1895 0
1896 -2
1897 -4
1898 -6
1899 -8
1900 -8
1901 -10
1902 -12
1903 -14
1904 -15
1905 -17
1906 -15
1907 -15
1908 -17
1909 -16
1910 -14
1911 -14
1912 -13
1913 -12
1914 -10
1915 -9
1916 -11
1917 -9
1918 -9
1919 -7
1920 -9
1921 -8
1922 -8
1923 -10
1924 -12
1925 -10
1926 -10
1927 -8
1928 -6
1929 -4
1930 -5
1931 -3
1932 -4
1933 -2
1934 -4
1935 -5
1936 -7
1937 -5
1938 -7
1939 -6
1940 -6
1941 -5
1942 -7
1943 -6
1944 -6
1945 -4
1946 -6
1947 -4
1948 -4
1949 -2
1950 -4
1951 -6
1952 -7
1953 -6
1954 -8
1955 -9
1956 -11
1957 -13
1958 -12
1959 -14
1960 -12
1961 -11
1962 -9
1963 -9
1964 -10
1965 -12
1966 -11
1967 -12
1968 -13
1969 -15
1970 -13
1971 -12
1972 -12
1973 -12
1974 -11
1975 -9
1976 -7
1977 -7
1978 -9
1979 -11
1980 -13
1981 -13
1982 -12
1983 -14
1984 -14
1985 -15
1986 -13
1987 -13
1988 -15
1989 -16
1990 -14
1991 -15
1992 -13
1993 -13
1994 -11
1995 -12
1996 -14
1997 -15
1998 -16
1999 -15
2000 -14
2001 -16
2002 -17
2003 -16
2004 -15
2005 -17
2006 -17
2007 -18
2008 -20
2009 -19
2010 -19
2011 -18
2012 -17
2013 -17
2014 -17
2015 -17
2016 -17
2017 -17
2018 -16
2019 -14
2020 -15
2021 -14
2022 -14
2023 -12
2024 -12
2025 -10
2026 -9
2027 -7
2028 -8
2029 -6
2030 -5
2031 -7
2032 -8
2033 -7
2034 -5
2035 -5
2036 -4
2037 -6
2038 -6
2039 -8
2040 -7
2041 -7
2042 -8
2043 -6
2044 -6
2045 -4
2046 -6
2047 -8
2048 -10
2049 -11
2050 -12
2051 -12
2052 -12
2053 -11
2054 -12
2055 -10
2056 -10
2057 -11
2058 -9
2059 -8
2060 -10
2061 -10
2062 -10
2063 -8
2064 -6
2065 -5
2066 -4
2067 -4
2068 -2
2069 -2
2070 -4
2071 -6
2072 -6
2073 -8
2074 -8
2075 -8
2076 -8
2077 -6
2078 -5
2079 -6
2080 -6
2081 -5
2082 -7
2083 -9
2084 -11
2085 -13
2086 -13
2087 -12
2088 -11
2089 -9
2090 -11
2091 -11
2092 -11
2093 -9
2094 -7
2095 -7
2096 -6
2097 -4
2098 -3
2099 -4
2100 -5
2101 -4
2102 -6
2103 -7
2104 -7
2105 -9
2106 -10
2107 -9
2108 -11
2109 -9
2110 -7
2111 -7
2112 -8
2113 -8
2114 -8
2115 -7
2116 -5
2117 -6
2118 -7
2119 -5
2120 -7
2121 -9
2122 -9
2123 -7
2124 -5
2125 -4
2126 -6
2127 -7
2128 -9
2129 -8
2130 -8
2131 -9
2132 -7
2133 -6
2134 -5
2135 -7
2136 -6
2137 -4
2138 -6
2139 -5
2140 -5
2141 -6
2142 -8
2143 -7
2144 -5
2145 -4
2146 -5
2147 -6
2148 -6
2149 -6
2150 -8
2151 -7
2152 -7
2153 -6
2154 -6
2155 -7
2156 -9
2157 -9
2158 -9
2159 -7
2160 -5
2161 -5
2162 -5
2163 -7
2164 -6
2165 -6
2166 -4
2167 -5
2168 -6
2169 -8
2170 -8
2171 -9
2172 -11
2173 -13
2174 -15
2175 -15
2176 -13
2177 -14
2178 -15
2179 -15
2180 -16
2181 -18
2182 -17
2183 -16
2184 -15
2185 -14
2186 -12
2187 -14
2188 -14
2189 -13
2190 -15
2191 -15
2192 -16
2193 -15
2194 -15
2195 -13
2196 -14
2197 -12
2198 -12
2199 -13
2200 -11
2201 -11
2202 -12
2203 -14
2204 -12
2205 -14
2206 -15
2207 -15
2208 -13
2209 -11
2210 -10
2211 -9
2212 -9
2213 -10
2214 -10
2215 -12
2216 -14
2217 -12
2218 -14
2219 -16
2220 -18
2221 -18
2222 -17
2223 -16
2224 -17
2225 -18
2226 -17
2227 -15
2228 -15
2229 -15
2230 -14
2231 -13
2232 -15
2233 -14
2234 -15
2235 -13
2236 -15
2237 -15
2238 -15
2239 -16
2240 -17
2241 -15
2242 -14
2243 -13
2244 -11
2245 -11
2246 -9
2247 -9
2248 -11
2249 -13
2250 -14
2251 -12
2252 -14
2253 -16
2254 -17
2255 -18
2256 -17
2257 -18
2258 -18
2259 -19
2260 -17
2261 -15
2262 -15
2263 -16
2264 -17
2265 -16
2266 -14
2267 -16
2268 -15
2269 -16
2270 -14
2271 -12
2272 -13
2273 -12
2274 -13
2275 -15
2276 -14
2277 -15
2278 -16
2279 -18
2280 -19
2281 -18
2282 -16
2283 -17
2284 -15
2285 -17
2286 -17
2287 -15
2288 -16
2289 -15
2290 -16
2291 -18
2292 -16
2293 -14
2294 -16
2295 -14
2296 -12
2297 -12
2298 -12
2299 -11
2300 -13
2301 -14
2302 -13
2303 -15
2304 -13
2305 -13
2306 -11
2307 -9
2308 -7
2309 -7
2310 -7
2311 -9
2312 -11
2313 -10
2314 -10
2315 -9
2316 -8
2317 -7
2318 -9
2319 -9
2320 -8
2321 -6
2322 -6
2323 -8
2324 -10
2325 -10
2326 -8
2327 -7
2328 -7
2329 -5
2330 -5
2331 -7
2332 -9
2333 -11
2334 -13
2335 -14
2336 -14
2337 -13
2338 -12
2339 -10
2340 -8
2341 -6
2342 -7
2343 -5
2344 -3
2345 -5
2346 -7
2347 -8
2348 -9
2349 -9
2350 -7
2351 -9
2352 -10
2353 -10
2354 -12
2355 -12
2356 -13
2357 -14
2358 -14
2359 -16
2360 -15
2361 -17
2362 -16
2363 -15
2364 -15
2365 -16
2366 -18
2367 -20
2368 -22
2369 -21
2370 -22
2371 -20
2372 -21
2373 -19
2374 -18
2375 -17
2376 -19
2377 -19
2378 -20
2379 -22
2380 -20
2381 -20
2382 -20
2383 -20
2384 -20
2385 -20
2386 -22
2387 -24
2388 -26
2389 -27
2390 -28
2391 -28
2392 -30
2393 -30
2394 -32
2395 -30
2396 -30
2397 -29
2398 -31
2399 -33
2400 -31
2401 -30
2402 -29
2403 -31
2404 -30
2405 -28
2406 -30
2407 -32
2408 -34
2409 -35
2410 -37
2411 -39
2412 -39
2413 -41
2414 -39
2415 -39
2416 -38
2417 -40
2418 -39
2419 -41
2420 -42
2421 -42
2422 -42
2423 -41
2424 -42
2425 -40
2426 -39
2427 -40
2428 -41
2429 -39
2430 -39
2431 -37
2432 -35
2433 -35
2434 -34
2435 -36
2436 -36
2437 -38
2438 -37
2439 -39
2440 -41
2441 -42
2442 -44
2443 -42
2444 -41
2445 -40
2446 -39
2447 -37
2448 -35
2449 -34
2450 -33
2451 -32
2452 -34
2453 -36
2454 -36
2455 -37
2456 -37
2457 -38
2458 -38
2459 -36
2460 -38
2461 -40
2462 -39
2463 -37
2464 -38
2465 -38
2466 -38
2467 -36
2468 -35
2469 -35
2470 -33
2471 -31
2472 -30
2473 -31
2474 -31
2475 -29
2476 -30
2477 -31
2478 -31
2479 -30
2480 -30
2481 -30
2482 -30
2483 -32
2484 -31
2485 -30
2486 -32
2487 -33
2488 -33
2489 -33
2490 -31
2491 -29
2492 -30
2493 -32
2494 -34
2495 -33
2496 -35
2497 -34
2498 -33
2499 -34
2500 -35
2501 -33
2502 -35
2503 -33
2504 -35
2505 -34
2506 -36
2507 -37
2508 -35
2509 -36
2510 -37
2511 -38
2512 -39
2513 -41
2514 -42
2515 -40
2516 -38
2517 -40
2518 -39
2519 -37
2520 -37
2521 -39
2522 -38
2523 -37
2524 -35
2525 -37
2526 -39
2527 -37
2528 -36
2529 -34
2530 -34
2531 -34
2532 -32
2533 -31
2534 -29
2535 -30
2536 -29
2537 -28
2538 -30
2539 -32
2540 -32
2541 -31
2542 -30
2543 -28
2544 -30
2545 -32
2546 -34
2547 -34
2548 -35
2549 -35
2550 -33
2551 -34
2552 -35
2553 -34
2554 -36
2555 -35
2556 -37
2557 -39
2558 -39
2559 -41
2560 -39
2561 -40
2562 -38
2563 -38
2564 -38
2565 -36
2566 -37
2567 -39
2568 -39
2569 -40
2570 -38
2571 -37
2572 -39
2573 -41
2574 -39
2575 -37
2576 -38
2577 -36
2578 -34
2579 -35
2580 -35
2581 -36
2582 -35
2583 -37
2584 -35
2585 -37
2586 -36
2587 -34
2588 -34
2589 -33
2590 -33
2591 -33
2592 -31
2593 -30
2594 -30
2595 -30
2596 -31
2597 -31
2598 -30
2599 -31
2600 -33
2601 -33
2602 -31
2603 -33
2604 -34
2605 -34
2606 -33
2607 -33
2608 -33
2609 -32
2610 -34
2611 -36
2612 -34
2613 -34
2614 -32
2615 -30
2616 -28
2617 -28
2618 -28
2619 -28
2620 -30
2621 -32
2622 -31
2623 -30
2624 -32
2625 -34
2626 -36
2627 -37
2628 -38
2629 -36
2630 -37
2631 -39
2632 -38
2633 -36
2634 -34
2635 -33
2636 -33
2637 -34
2638 -35
2639 -34
2640 -35
2641 -36
2642 -38
2643 -38
2644 -38
2645 -37
2646 -38
2647 -36
2648 -35
2649 -34
2650 -36
2651 -38
2652 -39
2653 -39
2654 -38
2655 -39
2656 -37
2657 -37
2658 -36
2659 -35
2660 -37
2661 -38
2662 -36
2663 -34
2664 -33
2665 -33
2666 -33
2667 -35
2668 -37
2669 -35
2670 -35
2671 -33
2672 -32
2673 -31
2674 -32
2675 -31
2676 -33
2677 -33
2678 -32
2679 -34
2680 -34
2681 -32
2682 -30
2683 -30
2684 -32
2685 -32
2686 -31
2687 -29
2688 -31
2689 -30
2690 -29
2691 -29
2692 -30
2693 -28
2694 -30
2695 -32
2696 -30
2697 -30
2698 -29
2699 -31
2700 -30
2701 -32
2702 -32
2703 -32
2704 -32
2705 -34
2706 -32
2707 -34
2708 -34
2709 -33
2710 -34
2711 -33
2712 -31
2713 -33
2714 -32
2715 -32
2716 -31
2717 -29
2718 -28
2719 -27
2720 -27
2721 -28
2722 -30
2723 -29
2724 -28
2725 -27
2726 -26
2727 -27
2728 -26
2729 -24
2730 -22
2731 -20
2732 -22
2733 -20
2734 -19
2735 -21
2736 -22
2737 -20
2738 -20
2739 -22
2740 -20
2741 -18
2742 -19
2743 -17
2744 -19
2745 -21
2746 -21
2747 -21
2748 -19
2749 -20
2750 -20
2751 -18
2752 -20
2753 -21
2754 -22
2755 -24
2756 -24
2757 -23
2758 -21
2759 -22
2760 -23
2761 -22
2762 -21
2763 -20
2764 -20
2765 -21
2766 -21
2767 -19
2768 -19
2769 -18
2770 -18
2771 -20
2772 -20
2773 -18
2774 -18
2775 -19
2776 -18
2777 -20
2778 -22
2779 -22
2780 -20
2781 -20
2782 -22
2783 -20
2784 -19
2785 -18
2786 -17
2787 -19
2788 -18
2789 -17
2790 -19
2791 -17
2792 -19
2793 -19
2794 -21
2795 -23
2796 -25
2797 -25
2798 -26
2799 -26
2800 -26
2801 -27
2802 -28
2803 -28
2804 -30
2805 -28
2806 -29
2807 -27
2808 -26
2809 -28
2810 -27
2811 -29
2812 -28
2813 -27
2814 -26
2815 -26
2816 -25
2817 -25
2818 -26
2819 -26
2820 -24
2821 -24
2822 -26
2823 -24
2824 -23
2825 -25
2826 -27
2827 -28
2828 -26
2829 -24
2830 -25
2831 -25
2832 -23
2833 -24
2834 -24
2835 -25
2836 -27
2837 -27
2838 -26
2839 -26
2840 -28
2841 -26
2842 -26
2843 -24
2844 -25
2845 -26
2846 -26
2847 -24
2848 -23
2849 -25
2850 -24
2851 -26
2852 -26
2853 -27
2854 -26
2855 -24
2856 -25
2857 -27
2858 -25
2859 -23
2860 -22
2861 -21
2862 -21
2863 -20
2864 -21
2865 -19
2866 -20
2867 -22
2868 -22
2869 -23
2870 -24
2871 -24
2872 -23
2873 -21
2874 -20
2875 -20
2876 -22
2877 -22
2878 -21
2879 -23
2880 -25
2881 -27
2882 -28
2883 -30
2884 -29
2885 -30
2886 -32
2887 -34
2888 -34
2889 -34
2890 -36
2891 -35
2892 -36
2893 -34
2894 -36
2895 -38
2896 -38
2897 -38
2898 -40
2899 -42
2900 -43
2901 -44
2902 -43
2903 -41
2904 -39
2905 -41
2906 -40
2907 -39
2908 -37
2909 -37
2910 -37
2911 -39
2912 -38
2913 -37
2914 -38
2915 -40
2916 -42
2917 -43
2918 -45
2919 -46
2920 -46
2921 -44
2922 -46
2923 -45
2924 -44
2925 -44
2926 -42
2927 -41
2928 -42
2929 -44
2930 -46
2931 -44
2932 -44
2933 -46
2934 -45
2935 -47
2936 -48
2937 -46
2938 -45
2939 -44
2940 -44
2941 -43
2942 -44
2943 -46
2944 -45
2945 -45
2946 -45
2947 -43
2948 -42
2949 -40
2950 -38
2951 -39
2952 -38
2953 -39
2954 -41
2955 -42
2956 -44
2957 -46
2958 -46
2959 -48
2960 -46
2961 -47
2962 -45
2963 -43
2964 -41
2965 -40
2966 -42
2967 -41
2968 -40
2969 -40
2970 -42
2971 -42
2972 -44
2973 -42
2974 -41
2975 -43
2976 -45
2977 -44
2978 -44
2979 -43
2980 -42
2981 -40
2982 -38
2983 -39
2984 -37
2985 -37
2986 -39
2987 -38
2988 -40
2989 -40
2990 -41
2991 -42
2992 -43
2993 -45
2994 -46
2995 -47
2996 -49
2997 -50
2998 -49
2999 -47
3000 -47
3001 -49
3002 -50
3003 -48
3004 -48
3005 -47
3006 -46
3007 -48
3008 -50
3009 -49
3010 -48
3011 -49
3012 -51
3013 -50
3014 -52
3015 -51
3016 -52
3017 -52
3018 -54
3019 -55
3020 -55
3021 -56
3022 -58
3023 -58
3024 -57
3025 -57
3026 -58
3027 -60
3028 -60
3029 -61
3030 -59
3031 -59
3032 -57
3033 -57
3034 -55
3035 -53
3036 -54
3037 -55
3038 -54
3039 -54
3040 -53
3041 -51
3042 -53
3043 -54
3044 -53
3045 -53
3046 -51
3047 -49
3048 -49
3049 -51
3050 -53
3051 -51
3052 -52
3053 -50
3054 -52
3055 -54
3056 -56
3057 -54
3058 -52
3059 -50
3060 -48
3061 -50
3062 -49
3063 -51
3064 -51
3065 -53
3066 -53
3067 -54
3068 -53
3069 -51
3070 -49
3071 -50
3072 -50
3073 -48
3074 -48
3075 -50
3076 -50
3077 -48
3078 -50
3079 -51
3080 -49
3081 -50
3082 -48
3083 -49
3084 -49
3085 -48
3086 -49
3087 -49
3088 -47
3089 -45
3090 -43
3091 -43
3092 -44
3093 -44
3094 -43
3095 -41
3096 -40
3097 -40
3098 -39
3099 -39
3100 -39
3101 -40
3102 -39
3103 -40
3104 -38
3105 -39
3106 -39
3107 -41
3108 -43
3109 -45
3110 -46
3111 -46
3112 -45
3113 -46
3114 -47
3115 -47
3116 -48
3117 -49
3118 -50
3119 -52
3120 -53
3121 -53
3122 -55
3123 -56
3124 -56
3125 -55
3126 -56
3127 -56
3128 -56
3129 -54
3130 -53
3131 -51
3132 -53
3133 -55
3134 -55
3135 -53
3136 -54
3137 -52
3138 -52
3139 -53
3140 -53
3141 -55
3142 -55
3143 -55
3144 -57
3145 -59
3146 -60
3147 -61
3148 -63
3149 -61
3150 -63
3151 -65
3152 -67
3153 -65
3154 -65
3155 -63
3156 -64
3157 -64
3158 -62
3159 -60
3160 -60
3161 -58
3162 -57
3163 -58
3164 -60
3165 -59
3166 -58
3167 -59
3168 -58
3169 -59
3170 -59
3171 -60
3172 -58
3173 -59
3174 -57
3175 -56
3176 -57
3177 -56
3178 -58
3179 -59
3180 -61
3181 -59
3182 -59
3183 -58
3184 -58
3185 -56
3186 -55
3187 -56
3188 -58
3189 -58
3190 -59
3191 -58
3192 -60
3193 -61
3194 -59
3195 -61
3196 -61
3197 -61
3198 -60
3199 -58
3200 -58
3201 -58
3202 -58
3203 -60
3204 -59
3205 -61
3206 -63
3207 -64
3208 -66
3209 -64
3210 -64
3211 -63
3212 -62
3213 -64
3214 -65
3215 -67
3216 -69
3217 -71
3218 -71
3219 -72
3220 -72
3221 -73
3222 -72
3223 -71
3224 -72
3225 -71
3226 -71
3227 -73
3228 -73
3229 -72
3230 -72
3231 -73
3232 -73
3233 -74
3234 -76
3235 -78
3236 -77
3237 -78
3238 -80
3239 -82
3240 -81
3241 -79
3242 -79
3243 -80
3244 -82
3245 -84
3246 -86
3247 -84
3248 -84
3249 -85
3250 -83
3251 -85
3252 -85
3253 -86
3254 -85
3255 -86
3256 -88
3257 -90
3258 -90
3259 -91
3260 -89
3261 -88
3262 -88
3263 -87
3264 -85
3265 -85
3266 -83
3267 -84
3268 -85
3269 -83
3270 -81
3271 -82
3272 -80
3273 -79
3274 -79
3275 -79
3276 -78
3277 -79
3278 -77
3279 -78
3280 -77
3281 -79
3282 -78
3283 -76
3284 -75
3285 -75
3286 -77
3287 -76
3288 -76
3289 -76
3290 -76
3291 -74
3292 -76
3293 -78
3294 -77
3295 -77
3296 -77
3297 -79
3298 -78
3299 -78
3300 -80
3301 -80
3302 -81
3303 -83
3304 -84
3305 -83
3306 -83
3307 -85
3308 -83
3309 -83
3310 -84
3311 -84
3312 -85
3313 -83
3314 -84
3315 -82
3316 -84
3317 -83
3318 -82
3319 -80
3320 -78
3321 -80
3322 -80
3323 -82
3324 -84
3325 -85
3326 -85
3327 -86
3328 -85
3329 -87
3330 -89
3331 -91
3332 -92
3333 -92
3334 -92
3335 -93
3336 -95
3337 -93
3338 -93
3339 -91
3340 -91
3341 -89
3342 -88
3343 -88
3344 -88
3345 -88
3346 -88
3347 -90
3348 -90
3349 -92
3350 -91
3351 -91
3352 -92
3353 -94
3354 -96
3355 -94
3356 -93
3357 -95
3358 -97
3359 -98
3360 -100
3361 -98
3362 -98
3363 -97
3364 -97
3365 -97
3366 -97
3367 -95
3368 -93
3369 -92
3370 -90
3371 -90
3372 -91
3373 -89
3374 -87
3375 -87
3376 -86
3377 -87
3378 -86
3379 -86
3380 -84
3381 -82
3382 -82
3383 -82
3384 -80
3385 -78
3386 -76
3387 -78
3388 -79
3389 -81
3390 -79
3391 -77
3392 -78
3393 -79
3394 -77
3395 -75
3396 -73
3397 -73
3398 -73
3399 -74
3400 -72
3401 -71
3402 -69
3403 -67
3404 -69
3405 -68
3406 -69
3407 -67
3408 -69
3409 -68
3410 -66
3411 -65
3412 -65
3413 -64
3414 -63
3415 -65
3416 -64
3417 -64
3418 -65
3419 -64
3420 -66
3421 -65
3422 -67
3423 -69
3424 -70
3425 -71
3426 -73
3427 -74
3428 -74
3429 -74
3430 -74
3431 -74
3432 -72
3433 -72
3434 -72
3435 -73
3436 -75
3437 -76
3438 -78
3439 -79
3440 -77
3441 -77
3442 -75
3443 -73
3444 -71
3445 -69
3446 -69
3447 -71
3448 -73
3449 -72
3450 -74
3451 -74
3452 -73
3453 -74
3454 -74
3455 -73
3456 -72
3457 -72
3458 -74
3459 -75
3460 -77
3461 -79
3462 -80
3463 -79
3464 -81
3465 -80
3466 -79
3467 -79
3468 -79
3469 -78
3470 -79
3471 -79
3472 -78
3473 -77
3474 -75
3475 -73
3476 -75
3477 -77
3478 -75
3479 -76
3480 -75
3481 -76
3482 -78
3483 -79
3484 -80
3485 -81
3486 -80
3487 -82
3488 -84
3489 -86
3490 -85
3491 -85
3492 -87
3493 -86
3494 -86
3495 -85
3496 -83
3497 -85
3498 -84
3499 -85
3500 -85
3501 -84
3502 -82
3503 -81
3504 -83
3505 -84
3506 -82
3507 -81
3508 -80
3509 -79
3510 -78
3511 -77
3512 -79
3513 -77
3514 -77
3515 -77
3516 -76
3517 -75
3518 -73
3519 -75
3520 -77
3521 -75
3522 -75
3523 -73
3524 -72
3525 -73
3526 -72
3527 -71
3528 -72
3529 -73
3530 -74
3531 -73
3532 -73
3533 -71
3534 -69
3535 -71
3536 -70
3537 -70
3538 -72
3539 -71
3540 -70
3541 -71
3542 -71
3543 -72
3544 -74
3545 -73
3546 -71
3547 -72
3548 -73
3549 -71
3550 -70
3551 -69
3552 -67
3553 -68
3554 -66
3555 -65
3556 -66
3557 -68
3558 -70
3559 -69
3560 -70
3561 -69
3562 -69
3563 -67
3564 -68
3565 -68
3566 -70
3567 -69
3568 -71
3569 -73
3570 -72
3571 -72
3572 -71
3573 -72
3574 -70
3575 -70
3576 -72
3577 -71
3578 -73
3579 -73
3580 -71
3581 -69
3582 -71
3583 -69
3584 -68
3585 -69
3586 -67
3587 -69
3588 -68
3589 -69
3590 -71
3591 -73
3592 -74
3593 -72
3594 -70
3595 -70
3596 -68
3597 -69
3598 -71
3599 -70
3600 -70
3601 -70
3602 -72
3603 -70
3604 -69
3605 -69
3606 -67
3607 -67
3608 -67
3609 -66
3610 -65
3611 -66
3612 -65
3613 -64
3614 -62
3615 -62
3616 -62
3617 -64
3618 -62
3619 -64
3620 -62
3621 -60
3622 -58
3623 -56
3624 -54
3625 -55
3626 -56
3627 -58
3628 -56
3629 -58
3630 -59
3631 -59
3632 -57
3633 -58
3634 -59
3635 -59
3636 -58
3637 -60
3638 -58
3639 -60
3640 -58
3641 -60
3642 -58
3643 -57
3644 -58
3645 -59
3646 -57
3647 -59
3648 -60
3649 -59
3650 -58
3651 -60
3652 -59
3653 -58
3654 -58
3655 -60
3656 -58
3657 -58
3658 -59
3659 -57
3660 -57
3661 -56
3662 -56
3663 -56
3664 -57
3665 -57
3666 -55
3667 -57
3668 -56
3669 -55
3670 -53
3671 -53
3672 -53
3673 -51
3674 -50
3675 -51
3676 -51
3677 -52
3678 -50
3679 -52
3680 -53
3681 -52
3682 -54
3683 -53
3684 -52
3685 -53
3686 -52
3687 -52
3688 -51
3689 -50
3690 -48
3691 -49
3692 -48
3693 -47
3694 -47
3695 -45
3696 -44
3697 -45
3698 -46
3699 -44
3700 -45
3701 -44
3702 -45
3703 -45
3704 -45
3705 -46
3706 -46
3707 -48
3708 -50
3709 -49
3710 -51
3711 -52
3712 -51
3713 -52
3714 -54
3715 -56
3716 -57
3717 -56
3718 -56
3719 -56
3720 -56
3721 -55
3722 -53
3723 -54
3724 -53
3725 -51
3726 -51
3727 -50
3728 -49
3729 -51
3730 -53
3731 -52
3732 -52
3733 -50
3734 -48
3735 -47
3736 -47
3737 -45
3738 -43
3739 -42
3740 -40
3741 -40
3742 -39
3743 -37
3744 -38
3745 -36
3746 -37
3747 -38
3748 -40
3749 -40
3750 -39
3751 -39
3752 -37
3753 -35
3754 -35
3755 -34
3756 -34
3757 -34
3758 -34
3759 -35
3760 -34
3761 -32
3762 -31
3763 -29
3764 -31
3765 -33
3766 -35
3767 -34
3768 -33
3769 -35
3770 -35
3771 -37
3772 -38
3773 -38
3774 -40
3775 -39
3776 -40
3777 -39
3778 -40
3779 -41
3780 -43
3781 -42
3782 -42
3783 -42
3784 -42
3785 -43
3786 -45
3787 -47
3788 -46
3789 -46
3790 -46
3791 -46
3792 -48
3793 -47
3794 -45
3795 -44
3796 -43
3797 -45
3798 -43
3799 -44
3800 -44
3801 -44
3802 -46
3803 -48
3804 -47
3805 -46
3806 -45
3807 -46
3808 -45
3809 -47
3810 -48
3811 -47
3812 -49
3813 -51
3814 -49
3815 -49
3816 -50
3817 -49
3818 -48
3819 -49
3820 -47
3821 -47
3822 -48
3823 -49
3824 -47
3825 -45
3826 -43
3827 -42
3828 -41
3829 -42
3830 -43
3831 -42
3832 -41
3833 -41
3834 -41
3835 -43
3836 -41
3837 -39
3838 -40
3839 -39
3840 -40
3841 -38
3842 -37
3843 -35
3844 -36
3845 -36
3846 -35
3847 -33
3848 -35
3849 -37
3850 -38
3851 -37
3852 -36
3853 -37
3854 -38
3855 -40
3856 -41
3857 -42
3858 -40
3859 -39
3860 -37
3861 -39
3862 -40
3863 -40
3864 -41
3865 -43
3866 -41
3867 -42
3868 -40
3869 -41
3870 -41
3871 -42
3872 -40
3873 -38
3874 -40
3875 -41
3876 -41
3877 -42
3878 -44
3879 -44
3880 -45
3881 -44
3882 -45
3883 -45
3884 -47
3885 -48
3886 -50
3887 -50
3888 -50
3889 -50
3890 -49
3891 -48
3892 -48
3893 -50
3894 -48
3895 -49
3896 -47
3897 -46
3898 -46
3899 -47
3900 -49
3901 -51
3902 -51
3903 -52
3904 -53
3905 -53
3906 -52
3907 -54
3908 -56
3909 -58
3910 -59
3911 -58
3912 -56
3913 -58
3914 -58
3915 -60
3916 -58
3917 -58
3918 -57
3919 -59
3920 -58
3921 -59
3922 -58
3923 -58
3924 -56
3925 -56
3926 -57
3927 -55
3928 -55
3929 -54
3930 -53
3931 -53
3932 -51
3933 -51
3934 -52
3935 -51
3936 -50
3937 -49
3938 -49
3939 -51
3940 -50
3941 -49
3942 -50
3943 -49
3944 -47
3945 -45
3946 -43
3947 -42
3948 -41
3949 -39
3950 -38
3951 -36
3952 -35
3953 -35
3954 -36
3955 -38
3956 -36
3957 -36
3958 -35
3959 -34
3960 -32
3961 -33
3962 -34
3963 -35
3964 -36
3965 -35
3966 -36
3967 -34
3968 -32
3969 -30
3970 -29
3971 -31
3972 -32
3973 -33
3974 -35
3975 -37
3976 -39
3977 -38
3978 -37
3979 -38
3980 -37
3981 -35
3982 -33
3983 -35
3984 -34
3985 -36
3986 -34
3987 -35
3988 -35
3989 -37
3990 -38
3991 -39
3992 -40
3993 -39
3994 -40
3995 -40
3996 -40
3997 -38
3998 -39
3999 -41
4000 -39
4001 -39
4002 -37
4003 -39
4004 -39
4005 -38
4006 -38
4007 -38
4008 -36
4009 -36
4010 -34
4011 -32
4012 -30
4013 -30
4014 -32
4015 -34
4016 -33
4017 -32
4018 -32
4019 -31
4020 -33
4021 -35
4022 -33
4023 -35
4024 -37
4025 -38
4026 -40
4027 -39
4028 -37
4029 -36
4030 -35
4031 -34
4032 -36
4033 -38
4034 -38
4035 -38
4036 -36
4037 -34
4038 -32
4039 -34
4040 -32
4041 -30
4042 -29
4043 -27
4044 -28
4045 -27
4046 -28
4047 -28
4048 -30
4049 -30
4050 -28
4051 -30
4052 -28
4053 -27
4054 -27
4055 -27
4056 -29
4057 -31
4058 -32
4059 -33
4060 -35
4061 -37
4062 -37
4063 -39
4064 -38
4065 -36
4066 -34
4067 -32
4068 -31
4069 -32
4070 -33
4071 -35
4072 -37
4073 -37
4074 -38
4075 -38
4076 -36
4077 -37
4078 -36
4079 -37
4080 -39
4081 -40
4082 -40
4083 -40
4084 -39
4085 -39
4086 -39
4087 -37
4088 -38
4089 -40
4090 -40
4091 -41
4092 -43
4093 -41
4094 -40
4095 -38
4096 -39
4097 -39
4098 -40
4099 -41
4100 -39
4101 -37
4102 -37
4103 -35
4104 -33
4105 -34
4106 -35
4107 -34
4108 -34
4109 -33
4110 -31
4111 -32
4112 -30
4113 -32
4114 -33
4115 -32
4116 -34
4117 -36
4118 -34
4119 -35
4120 -33
4121 -32
4122 -32
4123 -31
4124 -33
4125 -34
4126 -33
4127 -31
4128 -32
4129 -32
4130 -30
4131 -32
4132 -34
4133 -35
4134 -33
4135 -34
4136 -35
4137 -35
4138 -35
4139 -36
4140 -38
4141 -39
4142 -41
4143 -40
4144 -40
4145 -39
4146 -38
4147 -37
4148 -36
4149 -36
4150 -34
4151 -32
4152 -31
4153 -33
4154 -31
4155 -29
4156 -31
4157 -32
4158 -34
4159 -33
4160 -31
4161 -33
4162 -32
4163 -31
4164 -29
4165 -30
4166 -28
4167 -30
4168 -28
4169 -27
4170 -26
4171 -25
4172 -24
4173 -23
4174 -22
4175 -24
4176 -24
4177 -24
4178 -25
4179 -25
4180 -26
4181 -25
4182 -23
4183 -24
4184 -22
4185 -23
4186 -22
4187 -21
4188 -22
4189 -22
4190 -24
4191 -25
4192 -24
4193 -26
4194 -24
4195 -24
4196 -25
4197 -26
4198 -25
4199 -27
4200 -27
4201 -28
4202 -26
4203 -27
4204 -25
4205 -26
4206 -24
4207 -23
4208 -21
4209 -20
4210 -18
4211 -19
4212 -18
4213 -20
4214 -18
4215 -16
4216 -15
4217 -13
4218 -15
4219 -13
4220 -12
4221 -14
4222 -15
4223 -14
4224 -12
4225 -14
4226 -12
4227 -10
4228 -9
4229 -10
4230 -9
4231 -8
4232 -10
4233 -8
4234 -10
4235 -8
4236 -6
4237 -8
4238 -10
4239 -11
4240 -11
4241 -12
4242 -13
4243 -12
4244 -12
4245 -12
4246 -12
4247 -12
4248 -12
4249 -14
4250 -16
4251 -18
4252 -19
4253 -20
4254 -21
4255 -20
4256 -22
4257 -22
4258 -21
4259 -22
4260 -22
4261 -21
4262 -23
4263 -21
4264 -19
4265 -17
4266 -18
4267 -20
4268 -19
4269 -18
4270 -20
4271 -20
4272 -20
4273 -22
4274 -22
4275 -24
4276 -23
4277 -21
4278 -19
4279 -18
4280 -19
4281 -17
4282 -15
4283 -17
4284 -17
4285 -17
4286 -18
4287 -17
4288 -18
4289 -19
4290 -21
4291 -23
4292 -22
4293 -23
4294 -22
4295 -23
4296 -21
4297 -22
4298 -22
4299 -21
4300 -19
4301 -19
4302 -21
4303 -23
4304 -22
4305 -24
4306 -23
4307 -22
4308 -20
4309 -20
4310 -19
4311 -17
4312 -18
4313 -17
4314 -17
4315 -18
4316 -20
4317 -22
4318 -24
4319 -24
4320 -26
4321 -27
4322 -29
4323 -31
4324 -31
4325 -31
4326 -32
4327 -30
4328 -30
4329 -31
4330 -31
4331 -29
4332 -31
4333 -31
4334 -33
4335 -35
4336 -33
4337 -32
4338 -34
4339 -33
4340 -31
4341 -32
4342 -30
4343 -28
4344 -26
4345 -24
4346 -25
4347 -25
4348 -26
4349 -26
4350 -26
4351 -25
4352 -24
4353 -24
4354 -25
4355 -24
4356 -23
4357 -22
4358 -22
4359 -23
4360 -22
4361 -24
4362 -24
4363 -22
4364 -21
4365 -19
4366 -18
4367 -17
4368 -15
4369 -14
4370 -16
4371 -14
4372 -12
4373 -13
4374 -12
4375 -12
4376 -10
4377 -12
4378 -10
4379 -8
4380 -6
4381 -6
4382 -4
4383 -2
4384 -1
4385 0
4386 -1
4387 -3
4388 -4
4389 -4
4390 -5
4391 -4
4392 -2
4393 -1
4394 -2
4395 0
4396 -1
4397 -2
4398 -1
4399 1
4400 1
4401 -1
4402 0
4403 2
4404 1
4405 3
4406 4
4407 5
4408 4
4409 6
4410 8
4411 6
4412 8
4413 6
4414 6
4415 4
4416 5
4417 3
4418 5
4419 6
4420 4
4421 6
4422 8
4423 9
4424 10
4425 11
4426 10
4427 11
4428 12
4429 13
4430 12
4431 11
4432 12
4433 10
4434 9
4435 11
4436 9
4437 11
4438 11
4439 9
4440 11
4441 10
4442 8
4443 7
4444 8
4445 10
4446 11
4447 12
4448 12
4449 11
4450 9
4451 8
4452 10
4453 11
4454 12
4455 14
4456 16
4457 17
4458 17
4459 15
4460 14
4461 12
4462 12
4463 14
4464 12
4465 10
4466 11
4467 9
4468 11
4469 12
4470 14
4471 16
4472 15
4473 17
4474 15
4475 13
4476 15
4477 17
4478 16
4479 15
4480 13
4481 15
4482 14
4483 13
4484 11
4485 9
4486 7
4487 6
4488 6
4489 5
4490 6
4491 6
4492 4
4493 3
4494 1
4495 -1
4496 1
4497 0
4498 2
4499 2
4500 0
4501 -2
4502 -1
4503 1
4504 1
4505 0
4506 1
4507 0
4508 0
4509 -2
4510 -3
4511 -5
4512 -4
4513 -2
4514 0
4515 0
4516 -2
4517 -1
4518 1
4519 2
4520 0
4521 2
4522 3
4523 3
4524 5
4525 5
4526 7
4527 7
4528 9
4529 11
4530 11
4531 9
4532 11
4533 12
4534 13
4535 12
4536 14
4537 14
4538 14
4539 15
4540 13
4541 12
4542 14
4543 13
4544 15
4545 16
4546 18
4547 19
4548 19
4549 21
4550 20
4551 21
4552 22
4553 24
4554 26
4555 27
4556 26
4557 25
4558 27
4559 25
4560 23
4561 23
4562 22
4563 22
4564 22
4565 21
4566 23
4567 23
4568 22
4569 21
4570 19
4571 19
4572 18
4573 20
4574 22
4575 24
4576 25
4577 26
4578 28
4579 29
4580 28
4581 27
4582 29
4583 31
4584 33
4585 32
4586 33
4587 35
4588 36
4589 35
4590 37
4591 36
4592 38
4593 40
4594 40
4595 41
4596 39
4597 41
4598 41
4599 42
4600 44
4601 44
4602 46
4603 45
4604 46
4605 45
4606 46
4607 47
4608 45
4609 44
4610 45
4611 44
4612 43
4613 42
4614 42
4615 40
4616 38
4617 36
4618 37
4619 38
4620 37
4621 35
4622 35
4623 37
4624 39
4625 38
4626 40
4627 40
4628 39
4629 37
4630 36
4631 35
4632 37
4633 38
4634 39
4635 37
4636 36
4637 34
4638 32
4639 34
4640 32
4641 32
4642 32
4643 32
4644 31
4645 33
4646 34
4647 36
4648 35
4649 34
4650 33
4651 34
4652 32
4653 30
4654 32
4655 31
4656 31
4657 29
4658 31
4659 29
4660 28
4661 27
4662 29
4663 31
4664 30
4665 32
4666 32
4667 34
4668 32
4669 34
4670 36
4671 34
4672 36
4673 36
4674 37
4675 35
4676 34
4677 34
4678 35
4679 36
4680 34
4681 32
4682 34
4683 32
4684 32
4685 31
4686 29
4687 29
4688 30
4689 32
4690 30
4691 30
4692 32
4693 34
4694 32
4695 31
4696 29
4697 31
4698 31
4699 29
4700 31
4701 32
4702 34
4703 36
4704 35
4705 37
4706 37
4707 38
4708 37
4709 36
4710 37
4711 35
4712 37
4713 36
4714 36
4715 34
4716 35
4717 37
4718 38
4719 39
4720 40
4721 42
4722 42
4723 41
4724 39
4725 38
4726 40
4727 41
4728 41
4729 42
4730 40
4731 39
4732 37
4733 36
4734 36
4735 34
4736 33
4737 33
4738 32
4739 33
4740 34
4741 32
4742 32
4743 30
4744 32
4745 33
4746 32
4747 34
4748 33
4749 31
4750 31
4751 32
4752 31
4753 32
4754 30
4755 29
4756 28
4757 26
4758 25
4759 26
4760 26
4761 26
4762 27
4763 25
4764 23
4765 24
4766 22
4767 22
4768 20
4769 20
4770 18
4771 17
4772 15
4773 17
4774 16
4775 16
4776 15
4777 13
4778 11
4779 10
4780 9
4781 11
4782 9
4783 9
4784 7
4785 7
4786 6
4787 4
4788 6
4789 7
4790 9
4791 10
4792 9
4793 10
4794 9
4795 9
4796 11
4797 9
4798 10
4799 9
4800 10
4801 12
4802 10
4803 10
4804 9
4805 10
4806 12
4807 13
4808 12
4809 14
4810 12
4811 11
4812 9
4813 10
4814 12
4815 13
4816 13
4817 12
4818 14
4819 12
4820 10
4821 11
4822 12
4823 12
4824 11
4825 9
4826 9
4827 9
4828 8
4829 10
4830 12
4831 10
4832 8
4833 7
4834 9
4835 11
4836 9
4837 11
4838 13
4839 13
4840 11
4841 9
4842 8
4843 7
4844 7
4845 8
4846 10
4847 9
4848 7
4849 9
4850 9
4851 7
4852 8
4853 10
4854 8
4855 8
4856 9
4857 9
4858 11
4859 11
4860 12
4861 13
4862 14
4863 13
4864 11
4865 13
4866 12
4867 14
4868 14
4869 14
4870 15
4871 15
4872 17
4873 16
4874 18
4875 20
4876 19
4877 21
4878 20
4879 21
4880 23
4881 22
4882 21
4883 22
4884 24
4885 26
4886 24
4887 23
4888 24
4889 24
4890 22
4891 24
4892 26
4893 25
4894 27
4895 25
4896 23
4897 23
4898 23
4899 21
4900 19
4901 21
4902 22
4903 24
4904 23
4905 23
4906 23
4907 21
4908 21
4909 22
4910 21
4911 21
4912 19
4913 17
4914 18
4915 18
4916 19
4917 19
4918 17
4919 18
4920 18
4921 18
4922 16
4923 17
4924 15
4925 15
4926 15
4927 15
4928 14
4929 15
4930 16
4931 15
4932 17
4933 18
4934 17
4935 17
4936 15
4937 17
4938 18
4939 16
4940 17
4941 15
4942 15
4943 15
4944 13
4945 14
4946 15
4947 15
4948 14
4949 14
4950 14
4951 15
4952 17
4953 16
4954 16
4955 18
4956 20
4957 21
4958 20
4959 19
4960 20
4961 19
4962 18
4963 18
4964 17
4965 15
4966 14
4967 14
4968 13
4969 11
4970 12
4971 12
4972 13
4973 14
4974 14
4975 16
4976 14
4977 15
4978 16
4979 18
4980 20
4981 21
4982 20
4983 22
4984 23
4985 21
4986 19
4987 18
4988 19
4989 18
4990 17
4991 15
4992 16
4993 16
4994 14
4995 16
4996 18
4997 17
4998 18
4999 17
5000 18